Starting Simulation with args: Array(32, 32, 32)
Starting Accel Simulation-----------------------------------------------------------------------------------------------
Received: 
87.47265625	65.8359375	70.97265625	68.99609375	53.14453125	70.3125	64.25	65.3359375	61.78515625	60.1953125	64.27734375	66.28515625	73.6875	65.80078125	86.296875	83.98046875	60.359375	64.9609375	78.0859375	79.0234375	63.671875	72.95703125	61.87890625	74.95703125	61.6484375	64.07421875	61.65234375	63.91796875	57.25	64.5859375	60.75390625	64.38671875	
93.68359375	72.76953125	73.66015625	69.99609375	48.73828125	75.125	69.2734375	76.94140625	60.2109375	64.25390625	79.265625	83.90234375	93.3125	65.75390625	91.421875	74.05078125	77.33984375	63.1171875	84.2890625	74.05078125	78.30859375	77.91015625	77.6171875	75.03515625	67.91796875	71.3359375	62.65234375	79.58203125	75.578125	75.10546875	67.95703125	72.30859375	
97.6328125	76.27734375	82.5703125	79.65234375	60.23046875	81.29296875	72.12890625	78.546875	66.1171875	80.6953125	71.921875	76.78515625	83.92578125	68.87109375	94.2109375	84.484375	75.5	76.87109375	82.7421875	88.671875	71.37890625	78.14453125	60.0078125	87.7578125	63.76953125	78.06640625	75.55078125	77.2890625	60.921875	85.234375	68.36328125	76.18359375	
87.93359375	69.37109375	64.2421875	67.5234375	63.48828125	77.40625	61.8046875	71.20703125	60.26953125	63.984375	70.7578125	71.1015625	84.85546875	59.234375	80.78515625	87.171875	60.8359375	57.5390625	85.83203125	68.75390625	76.953125	73.62890625	58.05859375	76.9453125	64.85546875	77.05078125	68.3984375	71.73046875	56.53515625	74.8125	71.3359375	65.97265625	
82.04296875	54.515625	67.93359375	59.0859375	47.37890625	69.48046875	56.9375	68.2265625	53.33984375	50.75390625	51.09765625	61.55078125	78.1953125	56.47265625	75.640625	76.6171875	58.1328125	61.6875	70.1484375	74.1328125	59.2265625	67.2421875	50.23046875	72.92578125	61.9296875	62.640625	51.25390625	66.64453125	51.6953125	58.7265625	47.66796875	63.484375	
82.59765625	65.6953125	65.34375	53.46484375	55.3984375	69.02734375	53.0703125	68.3125	52.14453125	61.19921875	67.30078125	60.9609375	72.72265625	54.94140625	77.91015625	72.5546875	64.80078125	61.4140625	71.24609375	68.34765625	65.14453125	57.18359375	49.5234375	64.90234375	51.76171875	70.27734375	68.40234375	59.23046875	59.01171875	72.65625	58.94921875	61.59765625	
92.94921875	67.44140625	79.26953125	70.8984375	60.41796875	75.0703125	69.29296875	71.1875	68.21875	70.26171875	69.375	69.15234375	79.5703125	60.84375	88.29296875	70.1953125	76.87109375	80.51171875	74.71875	85.265625	81.34765625	70.77734375	58.22265625	74.875	68.05859375	75.83984375	71.2890625	66.109375	62.8828125	76.9296875	67.09765625	79.05078125	
83.17578125	65.73828125	77.67578125	59.4765625	57.53515625	75.1796875	65.3984375	65.421875	56.55078125	64.89453125	73.30859375	66.38671875	79.66796875	62.92578125	83.11328125	71.37890625	72.15625	67.0390625	77.18359375	64.8984375	74.75390625	63.50390625	71.8203125	73.203125	64.5390625	79.8359375	73.55859375	66.8046875	60.26171875	64.66015625	56.37890625	74.2578125	
79.26171875	58.82421875	69.6640625	61.765625	55.96875	76.18359375	59.02734375	57.078125	55.75	60.00390625	64.4921875	58.59375	70.03515625	63.68359375	78.33984375	70.1171875	67.03125	61.84765625	71.953125	67.27734375	68.53125	59.984375	57.32421875	76.1484375	55.296875	69.97265625	61.70703125	62.171875	67.828125	63.44140625	51.15625	67.3671875	
69.74609375	65.30078125	63.12109375	67.515625	48.61328125	68.6875	71.45703125	53.125	51.59375	64.06640625	63.671875	62.5546875	69.87109375	59.00390625	68.671875	67.1640625	61.75	54.53515625	79.30859375	56.97265625	63.83203125	54.0390625	58.0234375	67.609375	51.2421875	70.859375	65.34375	65.75	52.7421875	62.6640625	58.6875	58.13671875	
97.01171875	80.01171875	83.1171875	72.08984375	70.296875	81.7265625	77.234375	80.1015625	72.5078125	80.1796875	81.984375	80.8125	90.47265625	69.16015625	103.76171875	93.97265625	75.0078125	78.640625	90.578125	83.6875	86.44921875	84.97265625	67.34375	88.07421875	82.203125	85.24609375	81.37890625	80.46875	69.37890625	83.265625	72.61328125	80.8828125	
93.375	67.15234375	69.8671875	64.69140625	54.98828125	80.77734375	68.6015625	72.7578125	56.76171875	57.6328125	72.76953125	73.55859375	86.70703125	61.4140625	84.25	74.75390625	75.03125	64.71484375	75.49609375	80.5	78.83984375	69.1015625	54.9453125	76.94921875	66.0078125	73.80859375	68.734375	76.4453125	63.99609375	79.4296875	62.28125	76.5078125	
79.1796875	64.359375	65.81640625	55.89453125	53.296875	72.09765625	53.26953125	65.8828125	52.421875	55.99609375	60.67578125	64.5625	75.11328125	59.56640625	73.125	74.55859375	60.6640625	57.91796875	74.48046875	65.765625	66.5859375	64.91015625	67.953125	69.48046875	62.9921875	73.4921875	63	73.06640625	60.09375	56.89453125	53.3515625	62.71875	
102.08984375	81.62109375	80.12890625	85.4140625	66.3203125	91.03515625	84.2265625	78.24609375	62.67578125	82.96484375	81.671875	83.99609375	91.09375	75.84375	94.9765625	92.09765625	79.99609375	71.22265625	95.296875	83.05859375	89.59375	79.27734375	77.41796875	89.33203125	76.58203125	93.2265625	82.0234375	88.72265625	72.45703125	82.9140625	77.80859375	81.57421875	
95.703125	70.0625	74.375	65.234375	67.4453125	75.9609375	74.05078125	70.9609375	61.8125	68.32421875	72.89453125	65.328125	87.21484375	68.4609375	90.5703125	87.19140625	70.22265625	67.20703125	82.12890625	75.8125	73.3984375	68.34375	64.87890625	72.02734375	65.32421875	83.5390625	73.78125	71.59765625	61.59765625	72.0703125	62.52734375	65.765625	
78.45703125	65.11328125	66.19140625	68.91015625	56.83203125	73.17578125	61.4296875	61.87890625	58.3671875	57.9453125	59.84375	58.5625	68.92578125	54.78125	75.8125	76.08203125	65.53125	62.37109375	78.0390625	70.51171875	75.8671875	63.73828125	50.578125	69.171875	60.8515625	71.515625	66.46875	59.81640625	51.015625	71.7890625	68.2578125	68	
82.765625	79.62109375	78.60546875	74.47265625	61.26171875	72.55078125	65.0703125	75.15234375	64.01953125	79.8046875	78.65234375	83.6484375	88.828125	63.9765625	90.80078125	77.64453125	71	75.7578125	85.33203125	60.0859375	91.25	79.14453125	69.16015625	79.83203125	74.30859375	74.50390625	71.86328125	78.84375	69.59765625	73.20703125	70.95703125	74.10546875	
84.9296875	62.22265625	68.42578125	64.87109375	50.34765625	73.5	60.48046875	65.2734375	63.109375	59.0703125	65.32421875	64.4296875	75.5	57.75390625	86.16015625	68.8515625	66.91796875	68.51953125	71.05078125	72.3515625	72.3671875	60.38671875	63.58203125	76.58203125	61.26171875	69.94921875	65.03125	62.53515625	61.859375	67.46484375	58.47265625	68.359375	
96.0390625	77.34765625	87.953125	83.76953125	60.64453125	73.421875	72.921875	72.05078125	62.82421875	66.61328125	71.87109375	79.8671875	88.56640625	68.4140625	89.55078125	87.16015625	80.83984375	83.43359375	83.94921875	88.01953125	80.12890625	78.52734375	79.2578125	76.46484375	70.984375	78.62109375	71.3125	74.53515625	71.65234375	72.828125	72.75	75.73046875	
90.38671875	68.890625	69.03515625	69.3828125	59.86328125	75.12890625	64.82421875	72.88671875	62.07421875	69.6796875	75.640625	71.5078125	83.796875	59.9140625	88.953125	78.58984375	66.87890625	65.68359375	77.82421875	67.66796875	76.3359375	76.7421875	59.33203125	80.96875	66.26953125	75.02734375	68.171875	75.5390625	62.82421875	73.87109375	66.37109375	65.171875	
95.20703125	68.671875	74.4921875	59.8359375	66.890625	88.25390625	60.66015625	81.68359375	67.73046875	71.625	73.734375	80.40625	86.85546875	66.74609375	96.84765625	85.7734375	78.125	72.25	91.8359375	82.70703125	91.265625	71.1796875	67.39453125	89.453125	73.99609375	89.84375	82.9453125	77.0703125	59.6640625	81.67578125	64.86328125	86.4765625	
95.5	57.55859375	74.8984375	68.71875	58.19140625	75.8125	69.3359375	74.14453125	62.20703125	55.6484375	67.3203125	65.28125	82.35546875	60.1484375	88.17578125	81.64453125	78.0546875	72.1171875	76.57421875	72.375	80.73828125	72.21484375	64.35546875	79.21875	69.8828125	78.6328125	62.84765625	79.34765625	63.72265625	68.75	61.3828125	72.51171875	
92.421875	68.57421875	79.05078125	71.4921875	57.765625	73.015625	63.515625	66.0546875	51.06640625	69.859375	67.75390625	67.265625	77.14453125	67.20703125	81.64453125	72.5859375	77.1796875	68.953125	75.01953125	66.21484375	77.2265625	67.0078125	69.703125	69.796875	62.9453125	73.77734375	70.5390625	71.96484375	66.53125	63.06640625	62.53125	66.875	
91.66796875	71.9140625	81.68359375	75.84765625	59.390625	82.703125	64.66796875	80.828125	67.10546875	66.125	72.1640625	84.29296875	87.41796875	68.9140625	83.90234375	81.89453125	79.01171875	77.18359375	88.74609375	84.8359375	86.41015625	75.9609375	72.9609375	83.71875	65.36328125	85.49609375	70.421875	80.58984375	65.58984375	81.23046875	67.10546875	89.1875	
97.0703125	70.80078125	74.58984375	64.51171875	58.0703125	65.765625	63.4375	77	63.109375	57.5625	74.3203125	65.24609375	90.609375	57.8828125	88.1328125	89.4140625	67.50390625	74.296875	77.2265625	83.7890625	80.4609375	72.48828125	56.5078125	79.02734375	69.21484375	79.84375	63.578125	70.21484375	60.74609375	76.0234375	57.96484375	72.1640625	
83.53515625	67.3046875	69.12109375	63.6171875	54.95703125	79.328125	67.1015625	70.734375	58.82421875	69.57421875	68.81640625	71.55078125	77.4375	62.11328125	86.93359375	79.640625	70.97265625	65.46484375	85.296875	74.83984375	77.07421875	68.55078125	61.8203125	87.02734375	70.8828125	77.90234375	75.5546875	77.90625	57.55078125	73.90234375	57.40625	74.9296875	
102.640625	75.68359375	84.75	79.09765625	80.265625	89.109375	83.53515625	78.7265625	75.35546875	80.359375	78.85546875	76.63671875	85.7890625	77.0234375	98.47265625	102.453125	82.3125	80.61328125	96.51171875	88.8125	90.6953125	82.37890625	77.3515625	92.921875	81.3671875	97.03515625	87.75	86.515625	71.2421875	83.28515625	74.73828125	81.8984375	
79.57421875	64.66796875	58.70703125	59.734375	42.48828125	59.01953125	52.2890625	59.375	51.859375	56.95703125	55.33984375	62.0390625	70.93359375	58.171875	75.7578125	69.08984375	63.35546875	61.8515625	65.0546875	71.21484375	64.96484375	62.828125	52.01171875	73.87109375	57.9609375	60.8828125	52.328125	63.55859375	54.03515625	58.1953125	51.01953125	58.75	
104.109375	85.58203125	96.76953125	89.53125	75.7421875	96.26171875	80.52734375	96.05078125	79.06640625	80.53515625	89.11328125	92.1328125	98.56640625	81.76953125	99.31640625	103.21484375	86.5546875	85.20703125	101.8359375	93.15625	93.98828125	88.61328125	80.375	94.26171875	75.76171875	100.3125	85.5546875	92.80078125	80.3515625	96.15625	81.7578125	89.1640625	
80.80078125	63.48046875	71.2578125	58.203125	53.34375	68.76171875	55.6953125	64.40625	56.7890625	58.50390625	57.265625	66.9140625	72.74609375	58.12109375	76.125	63.17578125	73.3125	62.41796875	70.8203125	74.45703125	63.06640625	64.73828125	56.6875	67.10546875	53.7265625	66.62109375	61.5546875	62.4296875	52.59375	67.58984375	57.796875	65.3984375	
86.6796875	68.06640625	76.87109375	66.015625	58.75390625	80.76953125	59.14453125	67.2265625	54.03125	61.06640625	65.76171875	67.12109375	80.5546875	63.60546875	78.59765625	73.81640625	75.2109375	71.6171875	79.46875	67.671875	79.296875	61.2578125	63.0546875	76.04296875	60.984375	79.125	69.10546875	69.9375	63.19921875	65.94921875	61.453125	72.5546875	
90.890625	66.56640625	77.34375	67.4765625	70.63671875	81.2265625	68.40625	74.8203125	60.2734375	81.0234375	71.3828125	79.1953125	86.0703125	60.91796875	95.1640625	82.68359375	79.6328125	74.38671875	85.35546875	76.2421875	83.79296875	67.94140625	70.03515625	80.78125	69.671875	88.32421875	84.84375	75.984375	66.7265625	80.609375	68.87109375	77.82421875	
Wanted: 
87.47265625	65.8359375	70.97265625	68.99609375	53.14453125	70.3125	64.25	65.3359375	61.78515625	60.1953125	64.27734375	66.28515625	73.6875	65.80078125	86.296875	83.98046875	60.359375	64.9609375	78.0859375	79.0234375	63.671875	72.95703125	61.87890625	74.95703125	61.6484375	64.07421875	61.65234375	63.91796875	57.25	64.5859375	60.75390625	64.38671875	
93.68359375	72.76953125	73.66015625	69.99609375	48.73828125	75.125	69.2734375	76.94140625	60.2109375	64.25390625	79.265625	83.90234375	93.3125	65.75390625	91.421875	74.05078125	77.33984375	63.1171875	84.2890625	74.05078125	78.30859375	77.91015625	77.6171875	75.03515625	67.91796875	71.3359375	62.65234375	79.58203125	75.578125	75.10546875	67.95703125	72.30859375	
97.6328125	76.27734375	82.5703125	79.65234375	60.23046875	81.29296875	72.12890625	78.546875	66.1171875	80.6953125	71.921875	76.78515625	83.92578125	68.87109375	94.2109375	84.484375	75.5	76.87109375	82.7421875	88.671875	71.37890625	78.14453125	60.0078125	87.7578125	63.76953125	78.06640625	75.55078125	77.2890625	60.921875	85.234375	68.36328125	76.18359375	
87.93359375	69.37109375	64.2421875	67.5234375	63.48828125	77.40625	61.8046875	71.20703125	60.26953125	63.984375	70.7578125	71.1015625	84.85546875	59.234375	80.78515625	87.171875	60.8359375	57.5390625	85.83203125	68.75390625	76.953125	73.62890625	58.05859375	76.9453125	64.85546875	77.05078125	68.3984375	71.73046875	56.53515625	74.8125	71.3359375	65.97265625	
82.04296875	54.515625	67.93359375	59.0859375	47.37890625	69.48046875	56.9375	68.2265625	53.33984375	50.75390625	51.09765625	61.55078125	78.1953125	56.47265625	75.640625	76.6171875	58.1328125	61.6875	70.1484375	74.1328125	59.2265625	67.2421875	50.23046875	72.92578125	61.9296875	62.640625	51.25390625	66.64453125	51.6953125	58.7265625	47.66796875	63.484375	
82.59765625	65.6953125	65.34375	53.46484375	55.3984375	69.02734375	53.0703125	68.3125	52.14453125	61.19921875	67.30078125	60.9609375	72.72265625	54.94140625	77.91015625	72.5546875	64.80078125	61.4140625	71.24609375	68.34765625	65.14453125	57.18359375	49.5234375	64.90234375	51.76171875	70.27734375	68.40234375	59.23046875	59.01171875	72.65625	58.94921875	61.59765625	
92.94921875	67.44140625	79.26953125	70.8984375	60.41796875	75.0703125	69.29296875	71.1875	68.21875	70.26171875	69.375	69.15234375	79.5703125	60.84375	88.29296875	70.1953125	76.87109375	80.51171875	74.71875	85.265625	81.34765625	70.77734375	58.22265625	74.875	68.05859375	75.83984375	71.2890625	66.109375	62.8828125	76.9296875	67.09765625	79.05078125	
83.17578125	65.73828125	77.67578125	59.4765625	57.53515625	75.1796875	65.3984375	65.421875	56.55078125	64.89453125	73.30859375	66.38671875	79.66796875	62.92578125	83.11328125	71.37890625	72.15625	67.0390625	77.18359375	64.8984375	74.75390625	63.50390625	71.8203125	73.203125	64.5390625	79.8359375	73.55859375	66.8046875	60.26171875	64.66015625	56.37890625	74.2578125	
79.26171875	58.82421875	69.6640625	61.765625	55.96875	76.18359375	59.02734375	57.078125	55.75	60.00390625	64.4921875	58.59375	70.03515625	63.68359375	78.33984375	70.1171875	67.03125	61.84765625	71.953125	67.27734375	68.53125	59.984375	57.32421875	76.1484375	55.296875	69.97265625	61.70703125	62.171875	67.828125	63.44140625	51.15625	67.3671875	
69.74609375	65.30078125	63.12109375	67.515625	48.61328125	68.6875	71.45703125	53.125	51.59375	64.06640625	63.671875	62.5546875	69.87109375	59.00390625	68.671875	67.1640625	61.75	54.53515625	79.30859375	56.97265625	63.83203125	54.0390625	58.0234375	67.609375	51.2421875	70.859375	65.34375	65.75	52.7421875	62.6640625	58.6875	58.13671875	
97.01171875	80.01171875	83.1171875	72.08984375	70.296875	81.7265625	77.234375	80.1015625	72.5078125	80.1796875	81.984375	80.8125	90.47265625	69.16015625	103.76171875	93.97265625	75.0078125	78.640625	90.578125	83.6875	86.44921875	84.97265625	67.34375	88.07421875	82.203125	85.24609375	81.37890625	80.46875	69.37890625	83.265625	72.61328125	80.8828125	
93.375	67.15234375	69.8671875	64.69140625	54.98828125	80.77734375	68.6015625	72.7578125	56.76171875	57.6328125	72.76953125	73.55859375	86.70703125	61.4140625	84.25	74.75390625	75.03125	64.71484375	75.49609375	80.5	78.83984375	69.1015625	54.9453125	76.94921875	66.0078125	73.80859375	68.734375	76.4453125	63.99609375	79.4296875	62.28125	76.5078125	
79.1796875	64.359375	65.81640625	55.89453125	53.296875	72.09765625	53.26953125	65.8828125	52.421875	55.99609375	60.67578125	64.5625	75.11328125	59.56640625	73.125	74.55859375	60.6640625	57.91796875	74.48046875	65.765625	66.5859375	64.91015625	67.953125	69.48046875	62.9921875	73.4921875	63	73.06640625	60.09375	56.89453125	53.3515625	62.71875	
102.08984375	81.62109375	80.12890625	85.4140625	66.3203125	91.03515625	84.2265625	78.24609375	62.67578125	82.96484375	81.671875	83.99609375	91.09375	75.84375	94.9765625	92.09765625	79.99609375	71.22265625	95.296875	83.05859375	89.59375	79.27734375	77.41796875	89.33203125	76.58203125	93.2265625	82.0234375	88.72265625	72.45703125	82.9140625	77.80859375	81.57421875	
95.703125	70.0625	74.375	65.234375	67.4453125	75.9609375	74.05078125	70.9609375	61.8125	68.32421875	72.89453125	65.328125	87.21484375	68.4609375	90.5703125	87.19140625	70.22265625	67.20703125	82.12890625	75.8125	73.3984375	68.34375	64.87890625	72.02734375	65.32421875	83.5390625	73.78125	71.59765625	61.59765625	72.0703125	62.52734375	65.765625	
78.45703125	65.11328125	66.19140625	68.91015625	56.83203125	73.17578125	61.4296875	61.87890625	58.3671875	57.9453125	59.84375	58.5625	68.92578125	54.78125	75.8125	76.08203125	65.53125	62.37109375	78.0390625	70.51171875	75.8671875	63.73828125	50.578125	69.171875	60.8515625	71.515625	66.46875	59.81640625	51.015625	71.7890625	68.2578125	68	
82.765625	79.62109375	78.60546875	74.47265625	61.26171875	72.55078125	65.0703125	75.15234375	64.01953125	79.8046875	78.65234375	83.6484375	88.828125	63.9765625	90.80078125	77.64453125	71	75.7578125	85.33203125	60.0859375	91.25	79.14453125	69.16015625	79.83203125	74.30859375	74.50390625	71.86328125	78.84375	69.59765625	73.20703125	70.95703125	74.10546875	
84.9296875	62.22265625	68.42578125	64.87109375	50.34765625	73.5	60.48046875	65.2734375	63.109375	59.0703125	65.32421875	64.4296875	75.5	57.75390625	86.16015625	68.8515625	66.91796875	68.51953125	71.05078125	72.3515625	72.3671875	60.38671875	63.58203125	76.58203125	61.26171875	69.94921875	65.03125	62.53515625	61.859375	67.46484375	58.47265625	68.359375	
96.0390625	77.34765625	87.953125	83.76953125	60.64453125	73.421875	72.921875	72.05078125	62.82421875	66.61328125	71.87109375	79.8671875	88.56640625	68.4140625	89.55078125	87.16015625	80.83984375	83.43359375	83.94921875	88.01953125	80.12890625	78.52734375	79.2578125	76.46484375	70.984375	78.62109375	71.3125	74.53515625	71.65234375	72.828125	72.75	75.73046875	
90.38671875	68.890625	69.03515625	69.3828125	59.86328125	75.12890625	64.82421875	72.88671875	62.07421875	69.6796875	75.640625	71.5078125	83.796875	59.9140625	88.953125	78.58984375	66.87890625	65.68359375	77.82421875	67.66796875	76.3359375	76.7421875	59.33203125	80.96875	66.26953125	75.02734375	68.171875	75.5390625	62.82421875	73.87109375	66.37109375	65.171875	
95.20703125	68.671875	74.4921875	59.8359375	66.890625	88.25390625	60.66015625	81.68359375	67.73046875	71.625	73.734375	80.40625	86.85546875	66.74609375	96.84765625	85.7734375	78.125	72.25	91.8359375	82.70703125	91.265625	71.1796875	67.39453125	89.453125	73.99609375	89.84375	82.9453125	77.0703125	59.6640625	81.67578125	64.86328125	86.4765625	
95.5	57.55859375	74.8984375	68.71875	58.19140625	75.8125	69.3359375	74.14453125	62.20703125	55.6484375	67.3203125	65.28125	82.35546875	60.1484375	88.17578125	81.64453125	78.0546875	72.1171875	76.57421875	72.375	80.73828125	72.21484375	64.35546875	79.21875	69.8828125	78.6328125	62.84765625	79.34765625	63.72265625	68.75	61.3828125	72.51171875	
92.421875	68.57421875	79.05078125	71.4921875	57.765625	73.015625	63.515625	66.0546875	51.06640625	69.859375	67.75390625	67.265625	77.14453125	67.20703125	81.64453125	72.5859375	77.1796875	68.953125	75.01953125	66.21484375	77.2265625	67.0078125	69.703125	69.796875	62.9453125	73.77734375	70.5390625	71.96484375	66.53125	63.06640625	62.53125	66.875	
91.66796875	71.9140625	81.68359375	75.84765625	59.390625	82.703125	64.66796875	80.828125	67.10546875	66.125	72.1640625	84.29296875	87.41796875	68.9140625	83.90234375	81.89453125	79.01171875	77.18359375	88.74609375	84.8359375	86.41015625	75.9609375	72.9609375	83.71875	65.36328125	85.49609375	70.421875	80.58984375	65.58984375	81.23046875	67.10546875	89.1875	
97.0703125	70.80078125	74.58984375	64.51171875	58.0703125	65.765625	63.4375	77	63.109375	57.5625	74.3203125	65.24609375	90.609375	57.8828125	88.1328125	89.4140625	67.50390625	74.296875	77.2265625	83.7890625	80.4609375	72.48828125	56.5078125	79.02734375	69.21484375	79.84375	63.578125	70.21484375	60.74609375	76.0234375	57.96484375	72.1640625	
83.53515625	67.3046875	69.12109375	63.6171875	54.95703125	79.328125	67.1015625	70.734375	58.82421875	69.57421875	68.81640625	71.55078125	77.4375	62.11328125	86.93359375	79.640625	70.97265625	65.46484375	85.296875	74.83984375	77.07421875	68.55078125	61.8203125	87.02734375	70.8828125	77.90234375	75.5546875	77.90625	57.55078125	73.90234375	57.40625	74.9296875	
102.640625	75.68359375	84.75	79.09765625	80.265625	89.109375	83.53515625	78.7265625	75.35546875	80.359375	78.85546875	76.63671875	85.7890625	77.0234375	98.47265625	102.453125	82.3125	80.61328125	96.51171875	88.8125	90.6953125	82.37890625	77.3515625	92.921875	81.3671875	97.03515625	87.75	86.515625	71.2421875	83.28515625	74.73828125	81.8984375	
79.57421875	64.66796875	58.70703125	59.734375	42.48828125	59.01953125	52.2890625	59.375	51.859375	56.95703125	55.33984375	62.0390625	70.93359375	58.171875	75.7578125	69.08984375	63.35546875	61.8515625	65.0546875	71.21484375	64.96484375	62.828125	52.01171875	73.87109375	57.9609375	60.8828125	52.328125	63.55859375	54.03515625	58.1953125	51.01953125	58.75	
104.109375	85.58203125	96.76953125	89.53125	75.7421875	96.26171875	80.52734375	96.05078125	79.06640625	80.53515625	89.11328125	92.1328125	98.56640625	81.76953125	99.31640625	103.21484375	86.5546875	85.20703125	101.8359375	93.15625	93.98828125	88.61328125	80.375	94.26171875	75.76171875	100.3125	85.5546875	92.80078125	80.3515625	96.15625	81.7578125	89.1640625	
80.80078125	63.48046875	71.2578125	58.203125	53.34375	68.76171875	55.6953125	64.40625	56.7890625	58.50390625	57.265625	66.9140625	72.74609375	58.12109375	76.125	63.17578125	73.3125	62.41796875	70.8203125	74.45703125	63.06640625	64.73828125	56.6875	67.10546875	53.7265625	66.62109375	61.5546875	62.4296875	52.59375	67.58984375	57.796875	65.3984375	
86.6796875	68.06640625	76.87109375	66.015625	58.75390625	80.76953125	59.14453125	67.2265625	54.03125	61.06640625	65.76171875	67.12109375	80.5546875	63.60546875	78.59765625	73.81640625	75.2109375	71.6171875	79.46875	67.671875	79.296875	61.2578125	63.0546875	76.04296875	60.984375	79.125	69.10546875	69.9375	63.19921875	65.94921875	61.453125	72.5546875	
90.890625	66.56640625	77.34375	67.4765625	70.63671875	81.2265625	68.40625	74.8203125	60.2734375	81.0234375	71.3828125	79.1953125	86.0703125	60.91796875	95.1640625	82.68359375	79.6328125	74.38671875	85.35546875	76.2421875	83.79296875	67.94140625	70.03515625	80.78125	69.671875	88.32421875	84.84375	75.984375	66.7265625	80.609375	68.87109375	77.82421875	
Pass? true
Concluding Simulation---------------------------------------------------------------------------------------------------
