Starting Simulation with args: Array(32, 32, 32)
Starting Accel Simulation-----------------------------------------------------------------------------------------------
Received: 
65.4609375	58.9296875	67.06640625	75.48828125	54.71875	82.98828125	76.96484375	68.23046875	69.765625	69.8671875	69.84765625	78.62109375	85.1015625	67.1875	73.515625	78.80859375	69.63671875	66.48046875	87.890625	79.1484375	82.8984375	80.5859375	70.70703125	67.75390625	77.5390625	72.08203125	69.21875	82.18359375	81.35546875	81.52734375	64.25390625	75.3515625	
69.2578125	50.65234375	73.6015625	65.22265625	64.30078125	67.328125	64.4375	74.6875	63.5859375	63.59765625	72.3203125	67.71484375	76.22265625	64.98828125	68.46875	73.1796875	72.55859375	67.921875	84.24609375	75.44921875	81.84765625	93.99609375	72.1015625	53.95703125	71.20703125	60.1328125	65.0390625	75.44921875	83.94140625	77	69.296875	74.234375	
61	53.84765625	66.47265625	67.078125	46.6015625	59.8828125	60.55859375	59.66796875	53.1484375	54.1953125	60.9296875	58.3359375	68.5078125	66.31640625	52.71875	57.1171875	65.94921875	53.86328125	71.3359375	61.828125	64.3515625	65.99609375	65.4140625	49.03515625	57.92578125	66.765625	53.75390625	65.65234375	69.6796875	69.76953125	56.8671875	66.88671875	
70.08203125	61.12890625	79.90234375	75.078125	57.98046875	71.26953125	65.4140625	71.89453125	62.85546875	71.1875	70.69921875	80.6015625	82.76953125	74.51171875	68.0859375	77.2578125	75.46875	66.2734375	79.265625	78.55078125	86.01953125	78.5625	70.06640625	69.05078125	74.5625	74.51171875	71.36328125	81.94921875	81.1953125	79.390625	65.7734375	85.16796875	
64.97265625	60.58203125	72.15234375	74.08203125	59.61328125	65.45703125	66.28125	71.35546875	67.640625	60.8046875	76.5625	67.625	76.40234375	70.0859375	61.5390625	63.14453125	78.58203125	67.79296875	84.203125	77.5546875	72.515625	83.484375	69.3359375	52.53515625	69.66796875	64.38671875	66.40625	70.74609375	74.41796875	78.6171875	63.7890625	74.87890625	
52.16796875	47.9765625	60.234375	60.72265625	39.77734375	53.30078125	51.51953125	57.4765625	45.4375	45.23828125	52.640625	56.6171875	53.27734375	53.3671875	48.66015625	47.2421875	57.546875	53.6484375	60.29296875	56.3984375	55.22265625	51.83203125	50.73828125	48.703125	58.65625	56.9609375	46.7578125	58.890625	62.9609375	54.9765625	49.13671875	56.0625	
87.83984375	77.9140625	91.69921875	88.8046875	66.33984375	85.71484375	85.75	85.53125	77.328125	75.94140625	78.875	85.078125	100.4453125	89.7734375	75.671875	82.26953125	88.66796875	70.57421875	91.1796875	86.75	87.01953125	90.20703125	85.3203125	71.16015625	83.015625	88.5546875	70.08203125	85.96875	91.25390625	91.8671875	83.41015625	85.05078125	
78.40234375	63.99609375	76.34375	75.171875	58.6328125	79.33984375	78.2265625	83.1171875	70.33984375	70.109375	67.32421875	74.125	90.27734375	68.11328125	70.37890625	71.80859375	75.7109375	64.21875	83.06640625	81.7109375	77.89453125	85.70703125	83.375	69.23828125	82.34375	75.08203125	59.44140625	81.2578125	86.6953125	90.109375	65.87890625	76.1875	
57.67578125	55.25390625	57.16015625	58.21484375	46.93359375	63.70703125	62.12109375	57.35546875	61.0625	62.01171875	65.15625	61.7265625	67.49609375	58.85546875	65.26171875	66.4375	60.61328125	61.36328125	72.40234375	67.89453125	69.31640625	72.83984375	62.79296875	56.25	58.7265625	58.82421875	58.13671875	65.46484375	71.6328125	69.81640625	58.08203125	61.24609375	
68.65234375	47.91796875	69.11328125	71.7421875	45.875	64.2109375	65.62890625	59.625	60.53515625	55.58203125	60.3671875	65.31640625	77.14453125	66.94140625	60.3515625	62.95703125	64.15234375	55.9921875	71.35546875	68.8515625	70.19921875	69.48046875	61.20703125	51.6171875	68.4921875	64.1953125	57.94140625	68.45703125	71.85546875	75.81640625	55.8515625	70.87109375	
60.99609375	64.05859375	74.3671875	75.50390625	48.5390625	58.92578125	65.265625	65.171875	59.74609375	60.921875	72.8828125	79.40234375	71.62890625	69.41015625	64.89453125	59.03125	73.0234375	64.69140625	84.515625	65.22265625	62.9765625	66.41796875	67.66796875	58.33203125	63.73828125	74.30078125	62.3046875	79.7578125	65.890625	69.03515625	53.34375	74.19140625	
67.67578125	61.76953125	68.88671875	81.46484375	58.3984375	69.6640625	70.4140625	78.33984375	64.6875	66.83984375	65.15625	69.46484375	77.01171875	79.546875	73.16015625	71.6796875	73.62890625	72.22265625	80.70703125	79.3515625	77.57421875	77.703125	69.35546875	62.828125	79.73046875	72.515625	67.55859375	83.5390625	83.484375	83.765625	61.5859375	72.73046875	
57.25	52.46484375	59.23828125	56.3984375	48.5078125	59.19921875	53.4609375	60.94140625	61.92578125	53.24609375	65.0078125	59.7109375	69.91796875	70.01171875	60.4765625	58.36328125	66.05078125	54.0234375	62.484375	60.61328125	63.47265625	68.1875	59.375	51.59765625	62.45703125	60.66796875	54.78515625	61.46484375	73.96484375	70.6640625	50.9375	66.57421875	
65.93359375	56.07421875	69.0390625	68.26171875	48.76171875	62.28515625	58.52734375	68.21484375	58.96875	52.28125	64.0234375	68.32421875	73.046875	70.9765625	59.66015625	58.98046875	72.05859375	61.2578125	69.54296875	70.32421875	71.10546875	69.66015625	64.48828125	57.13671875	71.01171875	64.671875	60.42578125	70.546875	75.83203125	75.390625	52.9140625	69.34375	
64.12890625	68.4296875	71.03125	77.06640625	58.43359375	75.6796875	73.01171875	70.03515625	68.30859375	67.7734375	75.7109375	75.40234375	74.73046875	72.609375	69.515625	85.22265625	82.05078125	74.4296875	83.18359375	77.97265625	85.2265625	87.59765625	71.984375	66.05859375	80.09375	72.609375	76.453125	74.046875	89.390625	76.875	68.453125	77.4140625	
72.20703125	62.18359375	74.375	78.98046875	65.66015625	80.70703125	75.47265625	80.99609375	67.1640625	65.1875	75.9765625	75.62890625	88.9609375	72.82421875	70.59375	72.20703125	81.32421875	76.8046875	97.5859375	85.4921875	84.0078125	87.61328125	74.32421875	67.1484375	83.86328125	75.74609375	74.296875	84.984375	82.5625	81.80078125	69.234375	79.58203125	
76.83203125	72.96484375	78.13671875	72.1484375	56.3671875	69.75	67.09765625	76.96875	68.12890625	71.4296875	71.8671875	72.91015625	85.0078125	71.41796875	72.9921875	69.0078125	77.24609375	67.1796875	80.921875	83.93359375	71.390625	73.1640625	66.3984375	65.84375	64.0390625	75.08984375	70.01953125	76.6484375	79.0234375	78.265625	65.6796875	80.31640625	
77.69921875	71.734375	82.84375	81.0546875	59.6953125	71.34765625	83.3125	77.08203125	69.5078125	69.359375	69.83203125	77.4921875	95.80859375	82.54296875	76.8984375	84.3359375	82.26171875	75.22265625	92.57421875	83.50390625	88.609375	89.875	83.046875	68.828125	78.08984375	74.71875	71.3984375	85.97265625	92.2578125	92.91796875	65.26171875	89.046875	
73.921875	59.94921875	72.7109375	76.06640625	62.1796875	80.84375	68.796875	82.8671875	63.95703125	75.19140625	76.4375	81.49609375	79.9375	75.62109375	69.79296875	73.70703125	71.875	70.2265625	87.75390625	83.296875	77.3046875	76.68359375	75.6640625	61.13671875	86.3203125	77.40625	67.6953125	85.9609375	77.98828125	75.703125	75.08984375	74.39453125	
73.4609375	63.13671875	69.609375	76.515625	57.29296875	77.70703125	82.2421875	79.53515625	65.99609375	68.68359375	73.99609375	75.296875	83.125	70.515625	71.84375	66.7890625	78.84375	64.30078125	89.6015625	76.01171875	77.6171875	80.16015625	76	64.23828125	73.22265625	78.1953125	64.8046875	80.5703125	78.1171875	84.1953125	70.171875	72.39453125	
70.4765625	63.2578125	76.5625	71.66015625	56.125	67.984375	73.06640625	73.1640625	65.8203125	73.71484375	72.16796875	73.7421875	78.640625	72.546875	73.375	72.43359375	73.88671875	64.0390625	80.3984375	68.53515625	69.25	80.78515625	71.4296875	64.734375	73.66796875	73.87890625	68.30078125	81.36328125	83.02734375	79.1953125	65.33984375	78.32421875	
67.4375	57.984375	63.234375	70.19921875	51.1953125	58.4140625	64.87109375	64.390625	56.83203125	64.171875	67.3359375	63.59375	75.83984375	68.16796875	58.7890625	64.875	72.84765625	53.23828125	68.6875	72.72265625	71.359375	72.43359375	60.9375	52.56640625	63.72265625	64.27734375	58.234375	58.765625	77.28515625	70.234375	69.41015625	64.40625	
86.12890625	72.3671875	92.06640625	83.48046875	63.9453125	80.6015625	90.00390625	89.1875	68.93359375	77.4140625	81.625	93.12890625	98.58984375	72.3125	77.6875	78.1328125	83.62109375	77.1484375	94.4609375	86.3203125	93.5703125	88.38671875	82.94921875	75.22265625	84.73046875	91.93359375	73.1640625	89.52734375	95.44140625	86.35546875	77.05859375	87.87109375	
77.97265625	71.4453125	80.6640625	79.49609375	56.828125	91.234375	79.26171875	76.05859375	76.57421875	74.84375	83.4140625	82.703125	87.87109375	75.8046875	70.5859375	75.16015625	79.67578125	77.53125	100.7109375	86.21875	78.45703125	82.9921875	89.671875	67.65234375	79.54296875	80.60546875	62.95703125	82.63671875	84.125	81.96484375	75.2578125	84.41015625	
68.70703125	53.78125	70.3203125	62.16015625	51.36328125	62.99609375	71.73828125	72.8984375	53.01171875	63.375	69.53125	67.27734375	83.23828125	59.30078125	59.87109375	73.2421875	69.1953125	58.46484375	75.4453125	70.265625	80.10546875	79.06640625	69.234375	59.390625	73.328125	69.14453125	58.875	71.0234375	81.9375	68.66796875	65.4765625	72.78515625	
51.59765625	43.578125	50.6640625	49.3359375	44.50390625	55.86328125	52.00390625	54.1015625	50.10546875	43.3125	53.80078125	51.2734375	59.2421875	54.5859375	53.0234375	48.11328125	54.79296875	50.77734375	67.8203125	57.8046875	51.5625	59.44140625	54.91015625	44.609375	47.91796875	48.83203125	45.07421875	55.109375	49.51171875	53.75	46.0234375	55.2421875	
76.84375	62.33984375	80.3203125	80.8203125	60.01171875	89.04296875	83.7890625	81.8828125	73.3203125	78.4140625	84.5546875	85.83203125	88.94921875	75.8046875	77.60546875	83.78125	80.4375	73.09375	90.90234375	81.99609375	85.875	89.27734375	76.11328125	71.7265625	89.09765625	81.4375	72.96875	87.75	94.2265625	81.23828125	79.4609375	82.92578125	
75.19921875	52.21484375	79.06640625	70.8984375	62.6015625	78.79296875	65.390625	72.625	64.6484375	61.18359375	75.40234375	78.68359375	77	76.0703125	68.3203125	66.1640625	72.14453125	73.15234375	86.28515625	75.45703125	79.78515625	86.07421875	77.8125	56.4765625	73.5546875	73.34765625	63.62109375	77.33984375	80.01171875	79.375	73.51953125	76.01171875	
65.859375	63.1875	57.3984375	64.70703125	51.36328125	77.50390625	62.890625	70.17578125	71.484375	68.5625	77.81640625	65.875	77.08984375	70.078125	66.09765625	69.99609375	75.53125	69.6875	76.90234375	80.65625	79.94140625	79.21875	71.97265625	65.58203125	80.83984375	68.44140625	67.78125	70.89453125	83.671875	77.50390625	62.01171875	69.71875	
75.4296875	58.62890625	75.1796875	71.63671875	54.05859375	68.0390625	73.7109375	77.0390625	57.9375	64.69921875	68.46484375	73.61328125	80.0546875	63.6015625	60.79296875	62.89453125	74.03125	61.1171875	77.5546875	74.68359375	74.75390625	78.37890625	74.10546875	58.00390625	70.3984375	71.265625	57.3671875	71.30078125	74.4921875	71.62890625	69.44140625	68.77734375	
61.48828125	72.09375	63.421875	70.69140625	54.59765625	65.1875	63.6015625	74.90234375	68.984375	63.53125	75.55859375	71.66796875	74.73046875	68.69140625	63.40625	58.99609375	82.0234375	61.609375	78.97265625	78.68359375	69.30078125	76.23828125	70.765625	61.63671875	68.6484375	66.23046875	68.5	70.80859375	69.80078125	74.625	60.65234375	73.5	
79.33984375	65.046875	82.78515625	79.69140625	60.57421875	85.984375	81.0625	77.0625	67.015625	67.66796875	83.24609375	83.18359375	89.20703125	81.6328125	70.9296875	74.47265625	83.0703125	74.1328125	93.046875	82.98046875	85.8359375	90.125	83.31640625	71.23046875	79.63671875	84.74609375	76.05859375	85.34765625	85.91796875	80.19140625	81.3671875	87.08984375	
Wanted: 
65.4609375	58.9296875	67.06640625	75.48828125	54.71875	82.98828125	76.96484375	68.23046875	69.765625	69.8671875	69.84765625	78.62109375	85.1015625	67.1875	73.515625	78.80859375	69.63671875	66.48046875	87.890625	79.1484375	82.8984375	80.5859375	70.70703125	67.75390625	77.5390625	72.08203125	69.21875	82.18359375	81.35546875	81.52734375	64.25390625	75.3515625	
69.2578125	50.65234375	73.6015625	65.22265625	64.30078125	67.328125	64.4375	74.6875	63.5859375	63.59765625	72.3203125	67.71484375	76.22265625	64.98828125	68.46875	73.1796875	72.55859375	67.921875	84.24609375	75.44921875	81.84765625	93.99609375	72.1015625	53.95703125	71.20703125	60.1328125	65.0390625	75.44921875	83.94140625	77	69.296875	74.234375	
61	53.84765625	66.47265625	67.078125	46.6015625	59.8828125	60.55859375	59.66796875	53.1484375	54.1953125	60.9296875	58.3359375	68.5078125	66.31640625	52.71875	57.1171875	65.94921875	53.86328125	71.3359375	61.828125	64.3515625	65.99609375	65.4140625	49.03515625	57.92578125	66.765625	53.75390625	65.65234375	69.6796875	69.76953125	56.8671875	66.88671875	
70.08203125	61.12890625	79.90234375	75.078125	57.98046875	71.26953125	65.4140625	71.89453125	62.85546875	71.1875	70.69921875	80.6015625	82.76953125	74.51171875	68.0859375	77.2578125	75.46875	66.2734375	79.265625	78.55078125	86.01953125	78.5625	70.06640625	69.05078125	74.5625	74.51171875	71.36328125	81.94921875	81.1953125	79.390625	65.7734375	85.16796875	
64.97265625	60.58203125	72.15234375	74.08203125	59.61328125	65.45703125	66.28125	71.35546875	67.640625	60.8046875	76.5625	67.625	76.40234375	70.0859375	61.5390625	63.14453125	78.58203125	67.79296875	84.203125	77.5546875	72.515625	83.484375	69.3359375	52.53515625	69.66796875	64.38671875	66.40625	70.74609375	74.41796875	78.6171875	63.7890625	74.87890625	
52.16796875	47.9765625	60.234375	60.72265625	39.77734375	53.30078125	51.51953125	57.4765625	45.4375	45.23828125	52.640625	56.6171875	53.27734375	53.3671875	48.66015625	47.2421875	57.546875	53.6484375	60.29296875	56.3984375	55.22265625	51.83203125	50.73828125	48.703125	58.65625	56.9609375	46.7578125	58.890625	62.9609375	54.9765625	49.13671875	56.0625	
87.83984375	77.9140625	91.69921875	88.8046875	66.33984375	85.71484375	85.75	85.53125	77.328125	75.94140625	78.875	85.078125	100.4453125	89.7734375	75.671875	82.26953125	88.66796875	70.57421875	91.1796875	86.75	87.01953125	90.20703125	85.3203125	71.16015625	83.015625	88.5546875	70.08203125	85.96875	91.25390625	91.8671875	83.41015625	85.05078125	
78.40234375	63.99609375	76.34375	75.171875	58.6328125	79.33984375	78.2265625	83.1171875	70.33984375	70.109375	67.32421875	74.125	90.27734375	68.11328125	70.37890625	71.80859375	75.7109375	64.21875	83.06640625	81.7109375	77.89453125	85.70703125	83.375	69.23828125	82.34375	75.08203125	59.44140625	81.2578125	86.6953125	90.109375	65.87890625	76.1875	
57.67578125	55.25390625	57.16015625	58.21484375	46.93359375	63.70703125	62.12109375	57.35546875	61.0625	62.01171875	65.15625	61.7265625	67.49609375	58.85546875	65.26171875	66.4375	60.61328125	61.36328125	72.40234375	67.89453125	69.31640625	72.83984375	62.79296875	56.25	58.7265625	58.82421875	58.13671875	65.46484375	71.6328125	69.81640625	58.08203125	61.24609375	
68.65234375	47.91796875	69.11328125	71.7421875	45.875	64.2109375	65.62890625	59.625	60.53515625	55.58203125	60.3671875	65.31640625	77.14453125	66.94140625	60.3515625	62.95703125	64.15234375	55.9921875	71.35546875	68.8515625	70.19921875	69.48046875	61.20703125	51.6171875	68.4921875	64.1953125	57.94140625	68.45703125	71.85546875	75.81640625	55.8515625	70.87109375	
60.99609375	64.05859375	74.3671875	75.50390625	48.5390625	58.92578125	65.265625	65.171875	59.74609375	60.921875	72.8828125	79.40234375	71.62890625	69.41015625	64.89453125	59.03125	73.0234375	64.69140625	84.515625	65.22265625	62.9765625	66.41796875	67.66796875	58.33203125	63.73828125	74.30078125	62.3046875	79.7578125	65.890625	69.03515625	53.34375	74.19140625	
67.67578125	61.76953125	68.88671875	81.46484375	58.3984375	69.6640625	70.4140625	78.33984375	64.6875	66.83984375	65.15625	69.46484375	77.01171875	79.546875	73.16015625	71.6796875	73.62890625	72.22265625	80.70703125	79.3515625	77.57421875	77.703125	69.35546875	62.828125	79.73046875	72.515625	67.55859375	83.5390625	83.484375	83.765625	61.5859375	72.73046875	
57.25	52.46484375	59.23828125	56.3984375	48.5078125	59.19921875	53.4609375	60.94140625	61.92578125	53.24609375	65.0078125	59.7109375	69.91796875	70.01171875	60.4765625	58.36328125	66.05078125	54.0234375	62.484375	60.61328125	63.47265625	68.1875	59.375	51.59765625	62.45703125	60.66796875	54.78515625	61.46484375	73.96484375	70.6640625	50.9375	66.57421875	
65.93359375	56.07421875	69.0390625	68.26171875	48.76171875	62.28515625	58.52734375	68.21484375	58.96875	52.28125	64.0234375	68.32421875	73.046875	70.9765625	59.66015625	58.98046875	72.05859375	61.2578125	69.54296875	70.32421875	71.10546875	69.66015625	64.48828125	57.13671875	71.01171875	64.671875	60.42578125	70.546875	75.83203125	75.390625	52.9140625	69.34375	
64.12890625	68.4296875	71.03125	77.06640625	58.43359375	75.6796875	73.01171875	70.03515625	68.30859375	67.7734375	75.7109375	75.40234375	74.73046875	72.609375	69.515625	85.22265625	82.05078125	74.4296875	83.18359375	77.97265625	85.2265625	87.59765625	71.984375	66.05859375	80.09375	72.609375	76.453125	74.046875	89.390625	76.875	68.453125	77.4140625	
72.20703125	62.18359375	74.375	78.98046875	65.66015625	80.70703125	75.47265625	80.99609375	67.1640625	65.1875	75.9765625	75.62890625	88.9609375	72.82421875	70.59375	72.20703125	81.32421875	76.8046875	97.5859375	85.4921875	84.0078125	87.61328125	74.32421875	67.1484375	83.86328125	75.74609375	74.296875	84.984375	82.5625	81.80078125	69.234375	79.58203125	
76.83203125	72.96484375	78.13671875	72.1484375	56.3671875	69.75	67.09765625	76.96875	68.12890625	71.4296875	71.8671875	72.91015625	85.0078125	71.41796875	72.9921875	69.0078125	77.24609375	67.1796875	80.921875	83.93359375	71.390625	73.1640625	66.3984375	65.84375	64.0390625	75.08984375	70.01953125	76.6484375	79.0234375	78.265625	65.6796875	80.31640625	
77.69921875	71.734375	82.84375	81.0546875	59.6953125	71.34765625	83.3125	77.08203125	69.5078125	69.359375	69.83203125	77.4921875	95.80859375	82.54296875	76.8984375	84.3359375	82.26171875	75.22265625	92.57421875	83.50390625	88.609375	89.875	83.046875	68.828125	78.08984375	74.71875	71.3984375	85.97265625	92.2578125	92.91796875	65.26171875	89.046875	
73.921875	59.94921875	72.7109375	76.06640625	62.1796875	80.84375	68.796875	82.8671875	63.95703125	75.19140625	76.4375	81.49609375	79.9375	75.62109375	69.79296875	73.70703125	71.875	70.2265625	87.75390625	83.296875	77.3046875	76.68359375	75.6640625	61.13671875	86.3203125	77.40625	67.6953125	85.9609375	77.98828125	75.703125	75.08984375	74.39453125	
73.4609375	63.13671875	69.609375	76.515625	57.29296875	77.70703125	82.2421875	79.53515625	65.99609375	68.68359375	73.99609375	75.296875	83.125	70.515625	71.84375	66.7890625	78.84375	64.30078125	89.6015625	76.01171875	77.6171875	80.16015625	76	64.23828125	73.22265625	78.1953125	64.8046875	80.5703125	78.1171875	84.1953125	70.171875	72.39453125	
70.4765625	63.2578125	76.5625	71.66015625	56.125	67.984375	73.06640625	73.1640625	65.8203125	73.71484375	72.16796875	73.7421875	78.640625	72.546875	73.375	72.43359375	73.88671875	64.0390625	80.3984375	68.53515625	69.25	80.78515625	71.4296875	64.734375	73.66796875	73.87890625	68.30078125	81.36328125	83.02734375	79.1953125	65.33984375	78.32421875	
67.4375	57.984375	63.234375	70.19921875	51.1953125	58.4140625	64.87109375	64.390625	56.83203125	64.171875	67.3359375	63.59375	75.83984375	68.16796875	58.7890625	64.875	72.84765625	53.23828125	68.6875	72.72265625	71.359375	72.43359375	60.9375	52.56640625	63.72265625	64.27734375	58.234375	58.765625	77.28515625	70.234375	69.41015625	64.40625	
86.12890625	72.3671875	92.06640625	83.48046875	63.9453125	80.6015625	90.00390625	89.1875	68.93359375	77.4140625	81.625	93.12890625	98.58984375	72.3125	77.6875	78.1328125	83.62109375	77.1484375	94.4609375	86.3203125	93.5703125	88.38671875	82.94921875	75.22265625	84.73046875	91.93359375	73.1640625	89.52734375	95.44140625	86.35546875	77.05859375	87.87109375	
77.97265625	71.4453125	80.6640625	79.49609375	56.828125	91.234375	79.26171875	76.05859375	76.57421875	74.84375	83.4140625	82.703125	87.87109375	75.8046875	70.5859375	75.16015625	79.67578125	77.53125	100.7109375	86.21875	78.45703125	82.9921875	89.671875	67.65234375	79.54296875	80.60546875	62.95703125	82.63671875	84.125	81.96484375	75.2578125	84.41015625	
68.70703125	53.78125	70.3203125	62.16015625	51.36328125	62.99609375	71.73828125	72.8984375	53.01171875	63.375	69.53125	67.27734375	83.23828125	59.30078125	59.87109375	73.2421875	69.1953125	58.46484375	75.4453125	70.265625	80.10546875	79.06640625	69.234375	59.390625	73.328125	69.14453125	58.875	71.0234375	81.9375	68.66796875	65.4765625	72.78515625	
51.59765625	43.578125	50.6640625	49.3359375	44.50390625	55.86328125	52.00390625	54.1015625	50.10546875	43.3125	53.80078125	51.2734375	59.2421875	54.5859375	53.0234375	48.11328125	54.79296875	50.77734375	67.8203125	57.8046875	51.5625	59.44140625	54.91015625	44.609375	47.91796875	48.83203125	45.07421875	55.109375	49.51171875	53.75	46.0234375	55.2421875	
76.84375	62.33984375	80.3203125	80.8203125	60.01171875	89.04296875	83.7890625	81.8828125	73.3203125	78.4140625	84.5546875	85.83203125	88.94921875	75.8046875	77.60546875	83.78125	80.4375	73.09375	90.90234375	81.99609375	85.875	89.27734375	76.11328125	71.7265625	89.09765625	81.4375	72.96875	87.75	94.2265625	81.23828125	79.4609375	82.92578125	
75.19921875	52.21484375	79.06640625	70.8984375	62.6015625	78.79296875	65.390625	72.625	64.6484375	61.18359375	75.40234375	78.68359375	77	76.0703125	68.3203125	66.1640625	72.14453125	73.15234375	86.28515625	75.45703125	79.78515625	86.07421875	77.8125	56.4765625	73.5546875	73.34765625	63.62109375	77.33984375	80.01171875	79.375	73.51953125	76.01171875	
65.859375	63.1875	57.3984375	64.70703125	51.36328125	77.50390625	62.890625	70.17578125	71.484375	68.5625	77.81640625	65.875	77.08984375	70.078125	66.09765625	69.99609375	75.53125	69.6875	76.90234375	80.65625	79.94140625	79.21875	71.97265625	65.58203125	80.83984375	68.44140625	67.78125	70.89453125	83.671875	77.50390625	62.01171875	69.71875	
75.4296875	58.62890625	75.1796875	71.63671875	54.05859375	68.0390625	73.7109375	77.0390625	57.9375	64.69921875	68.46484375	73.61328125	80.0546875	63.6015625	60.79296875	62.89453125	74.03125	61.1171875	77.5546875	74.68359375	74.75390625	78.37890625	74.10546875	58.00390625	70.3984375	71.265625	57.3671875	71.30078125	74.4921875	71.62890625	69.44140625	68.77734375	
61.48828125	72.09375	63.421875	70.69140625	54.59765625	65.1875	63.6015625	74.90234375	68.984375	63.53125	75.55859375	71.66796875	74.73046875	68.69140625	63.40625	58.99609375	82.0234375	61.609375	78.97265625	78.68359375	69.30078125	76.23828125	70.765625	61.63671875	68.6484375	66.23046875	68.5	70.80859375	69.80078125	74.625	60.65234375	73.5	
79.33984375	65.046875	82.78515625	79.69140625	60.57421875	85.984375	81.0625	77.0625	67.015625	67.66796875	83.24609375	83.18359375	89.20703125	81.6328125	70.9296875	74.47265625	83.0703125	74.1328125	93.046875	82.98046875	85.8359375	90.125	83.31640625	71.23046875	79.63671875	84.74609375	76.05859375	85.34765625	85.91796875	80.19140625	81.3671875	87.08984375	
Pass? true
Concluding Simulation---------------------------------------------------------------------------------------------------
